241
238
222
160
34
9
37
43
42
33
34
36
36
44
47
55
78
90
95
95
86
87
79
57
52
57
56
44
32
32
38
35
34
240
239
243
239
218
116
7
16
37
43
35
31
31
38
51
63
80
80
89
87
83
82
78
63
57
54
51
48
41
39
37
40
38
242
242
234
241
239
240
201
68
10
29
38
36
37
34
52
62
73
74
80
68
88
82
76
69
67
59
52
48
42
39
40
47
41
243
240
239
241
240
240
237
237
153
38
9
28
33
39
49
55
63
70
67
52
111
118
85
67
59
54
51
46
35
30
39
56
50
249
246
239
237
241
239
240
240
237
216
112
6
18
44
46
48
61
61
49
49
122
116
77
60
56
50
47
49
39
33
23
39
50
249
251
249
242
241
239
239
240
240
237
239
183
84
6
43
44
55
43
33
61
119
107
82
59
47
47
46
41
36
38
27
28
34
249
248
249
248
245
238
236
239
241
243
239
238
231
163
61
38
31
38
29
63
108
89
82
61
40
43
49
43
40
40
35
30
26
241
246
250
250
249
247
245
243
240
234
242
241
234
240
210
146
53
23
29
71
80
55
61
60
43
39
44
41
40
34
42
40
31
204
233
249
246
245
250
248
236
242
240
236
240
238
240
243
229
190
108
45
82
74
45
43
57
49
41
37
34
37
33
42
42
39
158
192
230
245
248
246
249
250
244
243
239
240
243
236
234
241
242
235
144
76
69
46
46
47
41
38
38
37
36
34
37
44
46
136
152
189
227
248
246
245
247
246
241
239
243
232
242
241
238
239
237
241
204
116
70
68
53
44
42
44
45
39
35
36
46
47
132
136
149
182
226
247
248
248
236
247
245
240
240
240
239
240
240
241
242
240
232
171
96
81
75
63
55
56
49
46
40
42
42
133
133
134
143
175
214
239
247
241
240
247
245
243
238
239
239
240
240
240
240
240
239
226
143
81
91
87
79
75
64
54
48
38
125
130
132
127
137
161
192
222
237
243
249
248
248
243
241
240
239
240
241
241
241
241
239
238
202
102
79
90
84
85
75
64
45
129
125
129
133
135
137
147
170
197
225
242
246
250
250
246
243
241
241
240
240
241
241
238
240
237
234
163
92
92
90
87
89
80
132
131
131
127
129
136
133
134
150
183
214
236
246
249
249
246
244
242
241
239
239
241
241
241
239
239
238
205
114
80
93
82
93
151
137
135
132
128
127
131
130
134
144
171
210
236
243
249
248
246
246
243
241
241
241
240
237
240
238
241
239
223
173
90
85
95
227
197
165
146
138
131
125
127
131
130
139
165
199
229
242
247
249
249
246
244
242
239
242
239
243
242
237
240
242
233
206
112
75
249
248
234
204
168
140
137
130
132
132
132
135
158
200
229
239
247
249
248
247
244
240
240
239
238
244
238
241
233
238
238
238
175
249
248
247
248
232
200
163
149
140
136
138
136
141
168
213
229
242
246
249
250
248
245
242
242
241
238
243
239
239
238
239
235
241
240
242
246
248
247
244
229
214
189
165
155
157
162
164
185
213
237
246
249
250
250
248
249
246
242
240
240
240
240
239
239
241
239
239
241
240
240
243
245
246
247
241
228
214
203
192
185
176
196
223
241
248
248
250
251
251
249
245
241
240
240
241
241
240
236
241
239
241
240
239
240
240
240
243
245
246
246
240
228
217
198
197
210
235
249
249
249
251
251
251
249
246
243
241
241
241
243
239
239
240
239
238
239
241
239
241
241
240
242
247
249
248
244
237
227
225
239
248
250
248
250
250
251
251
249
248
245
242
239
236
242
240
237
238
238
239
239
240
238
240
241
238
237
239
243
246
249
249
249
248
247
248
250
250
250
250
251
251
250
248
245
241
235
237
240
234
237
240
239
236
239
238
240
241
241
241
241
242
243
240
246
249
249
248
250
250
249
250
250
250
250
250
250
248
245
243
232
235
238
234
239
239
236
240
240
239
237
238
240
240
238
236
238
239
240
243
246
248
249
248
250
250
249
249
249
249
250
248
244
240
235
236
235
237
239
237
239
238
239
239
240
240
240
240
241
242
239
237
239
239
239
244
248
248
248
248
248
249
249
249
249
248
244
241
139
213
237
236
234
238
237
236
237
236
240
240
232
242
237
240
239
237
237
237
236
235
240
242
245
247
249
249
247
243
237
238
238
67
71
135
208
236
232
237
236
238
236
233
238
240
238
240
239
238
237
235
233
234
236
235
235
237
239
242
244
245
245
237
232
228
83
86
54
60
146
211
228
238
234
233
237
237
235
235
234
232
234
236
235
235
235
232
234
232
230
230
232
235
237
238
237
230
223
85
78
80
62
57
73
150
216
236
234
236
234
230
235
234
235
235
233
230
235
236
229
232
231
230
229
229
229
228
228
229
225
222
94
85
78
72
63
64
13
78
158
224
234
234
234
231
230
231
232
232
230
231
232
231
228
228
228
228
227
226
223
222
217
216
215
