241
222
34
37
42
34
36
47
78
95
86
79
52
56
32
38
34
242
234
239
201
10
38
37
52
73
80
88
76
67
52
42
40
41
249
239
241
240
237
112
18
46
61
49
122
77
56
47
39
23
50
249
249
245
236
241
239
231
61
31
29
108
82
40
49
40
35
26
204
249
245
248
242
236
238
243
190
45
74
43
49
37
37
42
39
136
189
248
245
246
239
232
241
239
241
116
68
44
44
39
36
47
133
134
175
239
241
247
243
239
240
240
240
226
81
87
75
54
38
129
129
135
147
197
242
250
246
241
240
241
238
237
163
92
87
80
151
135
128
131
134
171
236
249
246
243
241
240
240
241
223
90
95
249
234
168
137
132
132
158
229
247
248
244
240
238
238
233
238
175
240
246
247
229
189
155
162
185
237
249
250
249
242
240
240
239
239
239
240
240
240
245
246
228
198
210
249
249
251
249
243
241
243
239
237
238
239
238
241
237
243
249
249
247
250
250
251
250
245
235
240
238
239
236
240
237
240
238
238
240
246
249
250
249
249
250
244
235
139
237
234
237
237
240
232
237
239
237
236
240
245
249
247
237
238
83
54
146
228
234
237
235
234
234
235
235
234
230
232
237
237
223
94
78
63
13
158
234
234
230
232
230
232
228
228
227
223
217
215
