250
248
240
240
241
181
0
38
65
83
86
80
67
56
46
39
38
242
250
251
240
240
240
238
115
53
70
44
120
69
56
45
28
55
158
234
250
251
243
240
240
241
227
27
56
109
62
48
44
37
24
129
150
208
247
250
249
240
240
240
241
163
46
63
40
40
38
38
131
136
139
190
246
249
248
240
240
240
241
235
76
40
38
32
51
129
128
132
135
175
243
241
248
241
240
240
240
242
197
25
45
40
139
133
128
128
135
147
207
241
249
247
241
241
241
241
240
132
64
248
226
150
133
129
131
134
172
237
249
250
241
241
241
241
241
228
244
250
248
231
160
131
128
133
160
230
249
250
243
241
241
241
241
240
240
242
250
249
224
178
149
151
184
241
250
250
248
241
241
241
238
239
240
241
241
241
249
244
223
198
207
249
250
251
251
241
241
235
237
238
240
241
241
241
240
244
250
248
249
249
251
251
251
244
181
234
236
238
239
240
240
241
241
241
242
251
250
250
252
250
250
70
34
152
235
236
237
238
239
239
239
238
238
238
243
250
249
249
87
72
61
52
182
235
235
236
237
237
236
235
234
233
233
233
241
96
83
66
67
52
0
183
234
234
234
233
233
232
231
229
228
225
98
87
70
72
49
60
78
55
203
232
231
230
228
227
224
219
214
