250
251
248
242
240
240
240
241
241
235
181
65
0
29
38
48
65
79
83
85
86
86
80
76
67
59
56
51
46
41
39
38
38
249
251
251
251
243
240
240
240
240
241
240
229
148
0
4
48
62
71
75
79
72
86
83
77
72
65
59
53
49
44
39
43
45
242
249
250
251
251
244
240
240
240
240
240
241
238
200
115
6
53
63
70
71
44
105
120
86
69
61
56
51
45
39
28
37
55
205
237
248
250
251
251
249
242
240
240
240
240
241
242
235
163
75
35
60
52
46
115
119
81
60
55
52
48
44
41
32
23
38
158
199
234
248
250
251
251
251
243
240
240
240
240
240
241
240
227
122
27
19
56
124
109
85
62
48
48
48
44
41
37
30
24
135
154
193
230
245
249
250
250
250
244
241
240
240
240
240
240
241
237
188
62
25
104
87
78
62
44
42
45
44
40
38
36
33
129
134
150
177
208
233
247
249
250
250
249
242
240
240
240
240
240
241
241
230
163
79
46
60
63
43
40
43
40
39
38
39
38
132
131
136
146
162
193
228
245
249
250
250
250
243
241
240
240
240
240
240
241
239
206
116
3
56
45
38
40
37
36
35
41
46
131
134
136
136
139
155
190
228
246
249
249
249
248
242
240
240
240
240
240
240
241
242
235
173
76
5
40
39
38
36
32
36
51
126
128
133
135
134
135
149
183
229
248
248
243
240
248
243
241
240
240
240
240
240
240
241
241
229
128
6
29
43
41
37
35
44
129
128
128
130
132
133
135
145
175
224
243
248
241
236
248
245
241
240
240
240
240
240
240
241
242
237
197
87
25
48
45
41
40
131
131
130
128
127
129
132
133
137
162
200
229
238
245
245
249
250
242
241
241
241
241
241
241
241
241
241
230
163
74
56
56
43
139
135
133
131
128
127
128
131
135
136
147
173
207
229
241
247
249
250
247
241
241
241
241
241
241
241
241
242
240
216
132
63
64
200
171
148
139
131
130
128
127
131
136
137
136
153
185
220
239
248
249
250
250
243
241
241
241
241
241
241
241
241
242
236
190
100
248
243
226
181
150
138
133
130
129
129
131
133
134
143
172
215
237
247
249
249
250
244
241
241
241
241
241
241
241
241
241
241
228
250
250
249
242
220
182
158
143
134
130
128
127
129
133
141
166
209
232
243
246
249
250
246
242
241
241
241
241
241
241
241
241
242
244
249
250
250
248
243
231
197
160
139
131
129
128
129
133
140
160
204
230
245
249
249
250
250
243
241
241
241
241
241
241
241
241
240
241
242
247
250
250
249
247
228
188
157
143
138
134
133
134
140
167
210
235
248
249
250
250
251
243
241
241
241
241
241
241
241
240
240
240
241
242
244
250
250
249
244
224
199
178
158
149
148
151
160
184
214
241
249
250
250
250
251
248
242
241
241
241
241
241
238
239
240
240
241
240
241
243
245
247
249
247
237
219
199
190
187
181
178
194
221
245
249
250
251
250
251
251
244
241
241
241
241
238
238
239
240
240
241
241
240
241
241
241
243
249
248
244
234
223
210
198
192
207
235
249
250
250
251
251
251
251
245
241
241
241
236
237
238
239
240
240
240
241
241
241
240
240
240
242
247
250
248
242
228
217
220
235
248
249
250
251
251
251
251
251
250
243
241
235
236
237
238
238
239
240
240
241
241
241
241
241
240
240
242
244
250
250
249
248
248
249
249
249
250
251
251
251
251
251
251
244
234
236
236
236
237
238
239
240
240
240
241
241
241
241
241
241
240
241
243
248
250
250
250
250
249
249
251
251
252
250
250
250
250
181
225
234
236
236
237
238
238
239
240
240
240
240
240
241
241
241
241
241
241
242
245
251
250
250
250
250
251
252
251
250
249
250
69
96
163
221
235
236
236
237
238
238
239
239
240
240
240
240
240
240
240
240
240
240
240
242
247
250
250
250
251
250
250
249
249
70
52
34
76
152
220
235
236
236
237
237
238
238
239
239
239
239
239
239
239
238
238
238
238
238
239
243
250
250
250
249
249
249
80
71
60
52
58
102
172
229
236
236
236
236
237
237
238
238
238
238
238
238
237
237
237
236
236
235
235
236
238
243
249
249
246
87
80
72
62
61
69
52
111
182
228
235
236
235
236
236
236
237
237
237
236
236
236
235
235
234
234
233
233
233
232
233
235
241
93
86
78
71
61
71
58
34
21
81
175
228
235
235
235
235
235
235
235
235
235
234
234
234
233
233
232
231
231
230
230
229
229
96
90
83
76
66
68
67
45
52
35
0
95
183
229
234
234
234
234
234
234
233
233
233
232
232
231
231
230
229
228
228
227
225
100
93
86
79
69
64
69
47
48
57
59
74
60
108
188
231
233
233
232
232
232
232
231
231
230
230
229
228
227
226
224
222
220
98
94
87
80
70
64
72
51
49
54
60
70
78
69
55
135
203
230
232
231
231
230
230
229
228
228
227
226
224
222
219
217
214
98
