-58246932
-112519735
175333474
x
-191278254
32678159
21920255
160213301
24420089
28704956
-229828370
-120751779
-167246773
-9510497
0
-235480737
14054464
-101488226
-301975871
130580647
-226960835
21172635
-150174124
31673389
25541666
-31500634
-143688959
79060901
-125521239
-98901998
109142781
25807900
-131851673
-186934843
30939982
-67527656
22966951
34331598
-66416915
35995395
-398367801
93257061
-107394000
-10127328
28499743
27141862
31783585
32120333
32303164
21120734
76580330
28267071
31613432
-62158714
42468151
24683563
29264248
0
-20546397
0
31905852
52267479
40003665
94350807
-705111052
22680859
-84358149
544288103
-65385730
-6221080
133129
-60923231
31316693
-125416979
37043298
