-434642382
-381401423
-461674408
x
-399917550
-156064756
-37588048
-361633749
-135391282
-468198082
-459344793
-82999189
-490687436
-597779184
0
-337734266
-81229744
-335543612
-448414896
-60630989
-357889926
-54382883
-324910096
-85951865
-74526182
-477308913
-323018252
-225287692
-148555465
-107622736
-162590301
-25667757
-345782404
-363503493
-141192960
-161106669
-106464097
-89526982
-296950645
-54576472
26708501
-205770505
-154339967
-157460727
-88888075
-562980511
-132308772
-103704290
-127659650
-70362157
-106418885
-44487459
-130410106
-373340733
-206120672
-87325842
-147286296
0
-109034236
0
-134819592
-74214163
-109626389
-419484800
23125723
-108141497
-263366778
-120497233
-178786797
-176588286
-126472703
-34976305
-78106822
346909168
-143219332
